 0
 0
 0
 0
 0
 0
 0
 0
 0
 0
 0
 0
 0
 0
 0
 0
 0
 0
 0
 0
 0
 0
 0
 0
 0
 0
 0
 0
 0
 0
 0
 0
 0
 0
 0
 0
 0
 0
 0
 0
 0
 0
 0
 0
 0
 0
 0
 0
 0
 0
 0
 0
 0
 0
 0
 0
 0
 0
 0
 0
 0
 0
 0
 0
 0
 0
 0
 0
 0
 0
 0
 0.00034007352941177037
 -0.001247095511801397
 -0.027243617238562418
 -0.020050449346405548
 -0.0023387459150327841
 -0.00028421160130720307
 5.2586523174760758e-05
 0
 0
 0
 0
 0
 4.4117647058825037e-05
 -0.00054411764705882275
 -0.0048088235294117656
 0.00026470588235293871
 0.00055766173413232718
 -0.0048982843137254936
 -0.01031433823529411
 -0.00032904411764705379
 -0.005680249183006557
 0.022025549304960819
 0.45317408769063117
 0.29100062976579483
 -0.013430793845315862
 -0.010591230936819096
 0.00099506746565571026
 0
 0
 0
 0
 1.2791347841337913e-17
 0.0010055657679737746
 -0.018155398965142251
 0.00191208809912802
 -0.0078397501361655974
 -0.006183349639232321
 0.0073289760348577582
 0.040128319035947137
 -0.015291547521786708
 -0.0072864242919389883
 0.023036311198075476
 0.6671379697712414
 0.98658304398148178
 0.61514031862745155
 0.12365248842592551
 -0.02160230932289782
 0.00042126225490197197
 0
 0
 0
 0.00065631242101831736
 -0.021748859613290043
 0.24862227668845246
 0.50725168504901907
 0.058639552696078706
 -0.0094560454119283349
 0.44985699210239605
 0.69393843613834294
 0.21046260552832191
 -0.01494856345315883
 -0.018956167706167891
 0.2027833265250546
 0.88855153867102377
 1.0603876293572978
 0.53768838507625139
 -0.0098539433098261096
 -0.004378574346405234
 0
 0
 0
 -0.017982999320898457
 0.1273913789354959
 0.84525286032638969
 0.80865833027597722
 -0.0056486690310215129
 0.44082098674247361
 0.98916286195697978
 0.99928804369980839
 0.2167140217140214
 -0.015961997064937897
 -0.0040403372676822806
 -0.013125144375144464
 0.654584726128844
 1.0370671463318524
 0.81273140787846621
 0.077842139747483524
 -0.013554278260160656
 0
 0
 0
 -0.039931107578166779
 0.33392517701525015
 1.0114730562363834
 0.62721333741829954
 0.11697577954793108
 0.87978610397728085
 1.0360486791938994
 0.6657889433551194
 0.018981685729847101
 -0.0042364174836598892
 0.00021605315722963178
 -0.025011318763616255
 0.34201159109477125
 0.99666130514705842
 1.0177449278322437
 0.34093921976274932
 -0.020738017429193883
 0
 0
 0
 -0.050640821817292854
 0.43717223243463993
 1.0515622276688452
 0.40579861111111015
 0.48828339460784315
 1.0086419904066966
 1.027650224673202
 0.4839153901143789
 -0.035590737336601452
 -0.0056662071078429901
 0.00050629815335698116
 -0.0068787785947709325
 0.060055027913943584
 0.7989653628812633
 1.0279560355392154
 0.62924240416887467
 -0.020690019063180673
 0
 0
 0
 -0.04976519505931315
 0.42779171772875751
 1.0321535947712415
 0.76104025394880126
 0.92940344158496746
 1.0091498172380531
 1.0106777641612201
 0.84891726239106735
 0.19827876497821298
 -0.0031466843681921559
 -0.012086815322110138
 -0.012173866421569014
 0.0057176096132893362
 0.72163519539760312
 1.0342801266339867
 0.49908408408408411
 -0.020757761437908407
 0
 0
 0
 -0.050428437487261474
 0.4317947474128534
 1.059867698120915
 1.0192962622549018
 1.0167005548747274
 0.94162688706806297
 0.92957063589324584
 1.0084780433006533
 0.88769386574074116
 0.35687862540849685
 0.059754222548340299
 0.056230238970588882
 0.26883551198257166
 0.95209574142156883
 0.99646537990196027
 0.25014612463141833
 -0.019752348856209159
 0
 0
 0
 -0.046268614594406877
 0.39620600804424283
 0.97277023629964843
 0.93831915059856297
 0.76826761716467651
 0.18958236135685008
 0.16251250118897209
 0.74108140380199228
 1.0077901430842611
 0.98741408829644139
 0.89169278025826881
 0.87941629978394709
 0.93690529330235239
 1.0365281344693114
 0.64901165871754052
 0.016792499218816394
 -0.0084851820145938096
 0
 0
 0
 -0.010350169173698704
 0.088690172249455426
 0.21661900871459744
 0.21565436070261507
 0.089548866421569104
 -0.024950572744690518
 -0.026927083333333192
 0.099928615196078888
 0.39675231481481538
 0.75690994349128582
 0.93409891226067709
 1.0259153050108933
 1.0000574959150328
 0.65083129084967395
 0.10761415781590433
 -0.0197331947331949
 0.00038466775599128508
 0
 0
 0
 0.00099873629285394581
 -0.0085575810185184783
 -0.020911628540304938
 -0.020729932598039163
 -0.0096741387527232939
 0.00059363662304839449
 0.00080593001089322713
 -0.014807768246187332
 -0.0068096745642701774
 0.069324908088235326
 0.19264174242115389
 0.25761376633986888
 0.23671418845315861
 0.048602260348583996
 -0.018449874046840807
 0.0015082956259426937
 0
 0
 0
 0
 0
 0
 0
 0
 0
 0
 0
 0.00043014705882352919
 -0.003003063725490186
 -0.013764705882352945
 -0.027665402959520597
 -0.035014093137254891
 -0.032735294117647043
 -0.010821078431372562
 0.00073161764705881392
 0
 0
 0
 0
 0
 0
 0
 0
 0
 0
 0
 0
 0
 0
 0
 0
 0
 0
 0
 0
 0
 0
 0
 0
 0
 0
 0
 0
 0
 0
 0
 0
 0
 0
 0
 0
 0
 0
 0
 0
 0
 0
 0
 0
 0
 0
 0
 0
 0
 0
 0
 0
 0
 0
 0
 0
 0
 0
 0
 0
 0
 0
 0
 0
 0
 0
 0
 0
 0
 0
 0
 0
 0
 0
 0
 0
 0
 0
 0
 0
 0
 0
 0


